Spartak Sofiq
32 23 4 5 5
&
Dafin Dafinov 21 GK 37 32 42 36 45 37 43 46 41 40 42 41 45 47 45 34 35 47 39 48 31 32
Asparuh Glavchev 20 RB 32 44 34 41 32 37 31 38 42 46 36 45 35 45 31 37 43 15 15 15 15 15
Cvetan Iliev 23 CB 37 45 31 48 44 40 45 46 31 34 38 45 49 35 38 40 49 15 15 15 15 15
Enyo Hrajiivanov 22 CB 33 42 37 48 30 44 31 49 32 33 42 45 37 37 41 47 45 15 15 15 15 15
Dako Paskalev 21 LB 49 33 31 48 34 48 46 32 45 33 35 36 39 49 45 46 48 15 15 15 15 15
Ventseslav Glavchev 21 CM 45 37 48 43 43 39 35 33 44 47 35 32 32 33 36 35 39 15 15 15 15 15
Marko Petrov 21 CM 48 36 42 47 45 35 32 34 40 41 39 30 36 40 48 38 35 15 15 15 15 15
Atanas Buhalov 20 CM 48 39 42 36 38 31 31 39 35 37 44 32 41 41 35 35 33 15 15 15 15 15
Gero Tanev 22 LW 46 41 30 32 48 35 35 32 32 32 36 47 39 38 42 49 37 15 15 15 15 15
Ognqn Karapetrov 24 ST 35 48 33 41 43 39 48 49 45 31 32 37 32 49 44 37 42 15 15 15 15 15
Petar Ivanov 23 RW 39 37 30 41 49 37 31 35 32 33 35 31 41 39 40 49 45 15 15 15 15 15
*
Otaka Shumen
31 21 4 3 3
&
Petar Genchev 22 GK 15 72 43 24 42 86 93 32 23 85 62 23 41 14 81 53 25 34 12 56 85
Milan Ivanov 21 RB 35 31 48 34 39 45 44 48 41 34 33 33 31 43 31 30 40 15 15 15 15 15
Kaloyan Vulchev 20 CB 36 37 31 33 40 42 38 48 43 44 49 47 39 46 45 47 41 15 15 15 15 15
Ivan Dinev 21 CB 46 34 39 47 35 48 46 35 46 31 39 35 30 30 40 34 43 15 15 15 15 15
Veselin Borisov 23 LB 48 30 45 42 38 32 36 33 46 41 49 48 33 45 37 48 38 15 15 15 15 15
Kybrat Petrov 24 CM 32 37 42 45 39 41 47 43 46 39 46 49 47 40 48 46 38 15 15 15 15 15
Zdravko Bogomilov 22 CM 49 35 40 45 40 45 44 38 46 41 47 37 46 34 36 34 46 15 15 15 15 15
Bojidar Todorov 21 CM 41 38 40 39 41 38 47 30 34 47 39 32 42 40 37 30 39 15 15 15 15 15
Gerasim Kostov 23 RW 31 36 41 43 33 47 40 44 33 41 37 30 32 47 33 35 43 15 15 15 15 15
Stas Dobrev ST 20 40 34 45 46 48 42 34 43 49 33 39 47 34 36 37 49 40 15 15 15 15 15
Spas Velev 19 LW 45 48 36 40 31 37 37 36 48 31 45 44 42 35 48 31 48 15 15 15 15 15
*
-